Cat_nav.txt
Navigation points
......
4748 CASPE 41.2344444444 0.0369444444
4749 GOSOL 42.2372222222 1.6637999999
4750 RESES 41.7233333333 2.3172222222
4751 RIBES 42.3038888889 2.1697222222
4752 DAMEL 41.8444444444 0.9377777777
4753 TIRGO 41.9986111111 0.5733333333
4754 VERSO 41.3311111111 3.3594444444
4755 MAMUK 41.9233333333 2.5113888888
4756 GAPLI 41.9547222222 2.5727777777
4757 CESLE 42.0338888889 2.6477777777
4758 DALIN 42.0666666667 3.2302777778
4759 NANOT 42.0177777778 3.4866666667
4760 SALON 41.3222222222 3.0169444444
4761 YAMUR 41.3525 2.9566666667
4762 SADEM 41.2213888889 2.9133333333
4763 FETGE 41.8463888889 2.9916666667
4764 CELAS 41.8766666667 2.8380555555
4765 CELOX 41.8861111111 2.8655555555
4766 LINDA 41.8758333333 2.7894444444
4767 GALPU 41.9369444444 2.6944444444
4768 PEXEV 41.6713888889 2.9458333333
4769 SOLID 41.1719444444 3.2525000000
4770 TIPES 41.1230555556 3.3933333333
4771 TOSMI 41.0852777778 3.4566666667
4772 BESES 41.7125000000 2.0619444444
4773 NEKES 41.3152777778 2.1697222222
4774 RONIV 41.3988888889 2.1605555555
4775 OSPES 40.5480555556 0.3494444444
4776 NAVAR 40.5058333333 0.3936111111
4777 SARGO 40.1219444444 3.6972222222
4778 LAVAL 40.2983333333 3.2219444444
4779 DONAV 40.0113888889 3.9330555555
4780 TIMOR 40.0405555556 3.8733333333
4781 TETIS 39.9480555556 3.7911111111
4782 SARAS 39.1741666667 2.3613888889
4783 DONUS 39.3744444444 2.2783333333
4784 BOLAK 39.2608333333 2.4605555555
4785 MAMOM 39.2372222222 3.6655555555
4786 LORES 40.3844444444 2.3572222222
4787 SISGO 40.3119444444 2.5758333333
4788 BLASO 40.4055555556 2.6877777777
4789 LUNIK 40.3472222222 2.8575000000
4790 RELAS 40.1797222222 3.1213888889
4791 TONIS 39.9455555556 3.2952777778
4792 USAS 39.9558333333 2.0669444444
4793 POSBA 39.7166666667 2.3480555555
4954 GIR 41.9313888889 2.7716666667
4955 GIR.A 41.9022670667 2.7603478667
4956 GIR.D 41.8914040333 2.7615182167
5129 GODOX 39.3725 1.4108333333
5130 GODPI 41.7252777778 -0.5955555556
5335 GRAUS 41.9791666667 0.3763888889
5590 IBA 38.8683333333 1.3658333333
5611 IBI 38.8672222222 1.3625
5660 IBZ 38.8763888889 1.385
5777 INDIA 41.3447222222 -0.9147222222
6061 IZA 38.9155555556 1.4705555556
6062 IZA.A 38.8772804833 1.36930455
6063 IZA.D 38.8731546833 1.37242975
6084 JOA 39.5647222222 2.7466666667
6110 KABRE 39.1436111111 2.9566666667
6143 KARDO 41.8183333333 1.6108333333
6146 KARES 41.3311111111 1.1522222222
6172 KATAL 38.5938888889 -0.6627777778
6252 KENAS 40.5 3.1408333333
6283 KERIP 40.9413888889 0.8558333333
6567 KOSIT 41.9352777778 2.0602777778
6598 KOVAM 39.3919444444 -0.7911111111
6693 KUGAX 41.0958333333 1.4766666667
6758 KUREG 40.8994444444 2.7188888889
6937 LAMPA 38.8016666667 1.9241666667
7029 LARPA 40.6266666667 2.3486111111
7045 LASDI 38.9375 1.0580555556
7070 LASPO 39.2825 -0.5444444444
7100 MADNO 41.2355555556 2.1166666667
7101 MAFIN 42.1044444444 2.7772222222
7102 MAGRO 40.8611111111 0.2388888889
7103 MANDY 40.9736111111 1.8652777778
7104 MARTA 40.3852777778 3.5561111111
7105 MATEX 39.7188888889 3.8766666667
7106 MAXIM 39.0908333333 -0.2502777778
7107 MEBUT 42.4105555556 1.1302777778
7108 MEDIT 41.1927777778 2.4361111111
7109 MENKO 41.8708333333 2.7655555556
7110 MESOL 40.7286111111 0.8583333333
7111 MIKEL 42.6383333333 2.8116666667
7112 MIMVA 38.7855555556 1.4169444444
7113 MOPAS 39.9927777778 3.8238888889
7114 MOTER 39.8463888889 0.5183333333
7115 NAXOS 41.7772222222 2.9302777778
7116 NEGRA 41.4436111111 2.2505555556
7117 NELLY 39.7411111111 2.6880555556
7118 NEXES 41.8127777778 3.1155555556
7119 NIKOT 41.5147222222 2.3522222222
7120 NOLGO 40.6108333333 1.1258333333
7121 NOPKI 42.3525 2.0591666667
7122 NORTA 40.8733333333 1.3486111111
7123 OLIKI 40.3516666667 3.2611111111
7124 OPERA 39.3775 3.7194444444
7125 OSMAR 41.2691666667 1.9791666667
7126 PAMOS 40.7302777778 1.6133333333
7127 PASAN 38.5625 0.2166666667
7128 PERIS 39.8958333333 -0.1161111111
7129 PINIK 42.0263888889 0.7491666667
7130 PONEN 39.3344444444 0.7052777778
7131 PORTO 40.5133333333 0.5255555556
7132 PUMAL 42.4341666667 2.2877777778
7133 QUAXI 41.3886111111 2.1533333333
7134 RAKOD 40.4144444444 -0.4975
7135 RATAS 41.7413888889 1.7902777778
7136 REVOL 41.2936111111 1.8352777778
7137 ROLAS 40.9675 2.3441666667
7138 ROSAL 41.5627777778 1.6802777778
7139 RUDUS 42.0619444444 2.5536111111
7140 SALAS 40.4888888889 3.7958333333
7141 SARGO 39.8852777778 3.5883333333
7142 SEGRE 41.9947222222 1.0591666667
7143 SENIA 40.6466666667 0.3897222222
7144 SEROX 39.9036111111 0.8152777778
7145 SIDOS 42.5130555556 0.7397222222
7146 SISMA 39.2627777778 2.2586111111
7147 SOMOS 40.1666666667 -0.9191666667
7148 SOPET 39.5891666667 0.1666666667
7149 SURCO 38.8158333333 0.9222222222
7150 TAKOS 39.7244444444 -0.7125
7151 TEVER 40.3063888889 0.8686111111
7152 TOBAL 42.1827777778 0.5316666667
7153 TORIO 41.0833333333 -0.4108333333
7154 TORNO 41.7388888889 0.6369444444
7155 TOXKA 38.9894444444 1.9758333333
7156 USERA 40.5525 2.6347222222
7157 VALER 41.6822222222 1.4541666667
7158 VALLS 41.3 1.2416666667
7159 VILAD 41.2216666667 1.5961111111
7160 VISEN 40.2891666667 0.0994444444
7161 VULPE 39.0419444444 1.5355555556
7162 XATON 39.7880555556 -0.3594444444
7163 ZARKO 41.6694444444 0.0675
7164 ZARPA 40.8563888889 -0.8113888889
7165 ZENIT 40.2102777778 3.8088888889
7166 ZAROX 41.8913888889 -0.4866666667
7167 BENID 41.7316666667 2.0155555556
7168 VILAR 41.6622222222 1.9058333333
7169 BALDE 41.5980555556 1.7791666667
7170 CIELA 41.5075000000 1.6133333333
7171 CIETA 41.3633333333 1.3825000000
7172 CHENO 41.3480555556 1.2888888889
7173 RAMON 41.2052777778 0.5577777778
7174 RUBEO 41.0516666667 0.4269444444
7175 DORMI 41.0741666667 0.8452777778
7176 AMPON 40.9752777778 0.9655555556
7177 CASUX 40.8422222222 1.1872222222
7178 LOTOS 40.5619444444 1.4733333333
7179 PAPOS 40.3844444444 1.3791666667
7180 TOLSO 40.2272222222 1.3563888889
7181 EPSOR 40.0836111111 1.5983333333
7182 GALAT 39.9227777778 1.6283333333
7183 DRAGO 39.7755555556 1.4847222222
7184 PINTO 39.7475000000 1.7047222222
7185 TRUDI 40.6836111111 1.7708333333
7186 SAURA 40.1944444444 0.1750000000
7187 NIBUN 40.0808333333 0.2258333333
7188 PLANA 39.9666666667 0.1900000000
7189 SOPET 39.9183333333 0.1369444444
7190 AGSOR 39.5541666667 0.2961111111
7191 TULING 39.5080555556 0.5147222222
7192 MILAT 39.4611111111 0.5808333333
7193 COMDI 39.3955555556 0.6233333333
7194 ORVES 39.1961111111 0.9183333333
7195 MINOT 39.1122222222 1.1627777778
7196 ODEN 39.0352777778 1.3258333333
7197 FESTA 41.7394444444 -0.8700000000
7198 BELNOV 41.7525000000 -0.7833333333
7199 PONEN 41.3338888889 0.2777777777
7200 ESUPE 41.2325000000 0.3872222222
7201 BENOV 41.7236111111 0.9586111111
7202 ROXAS 41.5972222222 1.2319444444
7203 TAUV 41.6908333333 1.1819444444
7204 OSVAR 41.7166666667 1.2986111111
7205 DEXST 41.7544444444 1.4133333333
7206 SLIVA 41.6322222222 1.5172222222
7207 AULAS 41.6480555556 1.4355555555
7208 XILAS 41.2458333333 1.5094444444
7209 ULIXA 41.0388888889 1.7344444444
7210 TASOC 40.9744444444 2.0397222222
7211 BOREG 40.8977777778 2.2130555555
7212 OTUTR 40.6583333333 2.3297222222
7213 BENUG 41.5022222222 2.0830555555
7214 MCNOB 41.4283333333 2.0638888889
7215 TUNDA 40.9552777778 0.8047222222
7216 BUJOK 40.7780555556 0.6591666667
7217 NEPAL 40.8583333333 0.8066666667
7218 CORDA 40.2372222222 1.0625000000
7219 TUBOK 39.8855555556 0.9800000000
7220 EDUPI 39.4772222222 0.8983333333
7221 BULIT 39.5577777778 0.9783333333
7222 BAVER 38.9261111111 1.1383333333
7223 TINEL 38.9394444444 1.4130555555
7224 BRUHO 38.8255555556 0.9694444444
7225 RUMBO 38.7858333333 0.8305555555
7226 AVLON 38.4319444444 0.7650000000
7227 BESOK 38.3747222222 0.2166666667
7228 METOS 38.3611111111 0.3766666667
7229 BALOX 38.4236111111 0.4933333333
7230 SURAH 38.5419444444 0.6683333333
7231 SUJIM 38.6083333333 0.7677777777
7232 ALTIX 38.2730555556 -0.7905555555
7233 ZORIN 38.3044444444 -0.9788888888
7234 VILNA 38.5525000000 -0.4336111111
7235 MARGO 38.7622222222 -0.9366666666
7236 SEBON 39.3175000000 0.7888888888
7237 TUKMY 39.3733333333 0.8686111111
7238 IBEBES 39.0713888889 1.8019444444
7239 MIRCO 39.0888888889 1.9044444444
7240 GRUPO 38.9841666667 1.0438888888
7241 GETRUX 38.9097222222 0.7363888888
7242 BUTES 38.8755555556 0.9558333333
7243 FONTAL 38.9336111111 1.2608333333
7244 RUPIT 39.5455555556 0.9972222222
7245 SARLU 39.0319444444 1.0144444444
7246 MENUT 38.7525000000 1.7883333333
7247 MIRES 38.5513888889 1.9458333333
7248 OLMR 38.3563888889 2.2155555555
7249 XARON 38.3244444444 2.4877777777
7250 SOBIL 38.3330555556 2.1433333333
7251 GENIO 38.2911111111 3.0747222222
7252 PECES 38.5411111111 3.9752777777
7253 LUXUR 38.3711111111 3.6961111111
7254 TUTME 39.2355555556 2.0855555555
7255 RUTIS 39.1647222222 2.1763888888
7256 ADX 39.4138888889 2.0166666667
7257 IKANLI 39.5608333333 1.9841666667
7258 OLUTM 39.7152777778 1.9538888888
7259 PATKAM 39.7361111111 2.1422222222
7260 BALAC 39.4347222222 2.3494444444
7261 CEJEP 39.7188888889 2.5025000000
7262 POMER 39.9408333333 2.5288888888
7263 NEVIC 39.8011111111 2.9308333333
7264 PTCX 39.5852777778 2.6011111111
7265 DOSOX 39.5572222222 2.4883333333
7266 TUREK 39.3752777778 2.6125000000
7267 OBSOL 39.3588888889 2.6758333333
7268 OCALT 39.2525000000 2.7333333333
7269 TALEM 39.1405555556 2.9050000000
7270 BAGAX 39.0483333333 2.8438888888
7271 IPAMA 39.5844444444 1.4844444444
7272 KORBUS 39.1713888889 1.5136111111
7273 WOSTA 39.1513888889 1.5672222222
7274 JASOT 38.9800000000 1.5647222222
7275 SENNA 39.2991666667 0.5727777777
7276 SEBON 39.3175000000 0.7888888888
7277 GEPO 38.9394444444 0.2994444444
7278 PEPUX 39.2833333333 0.3688888888
7279 TILOX 39.3802777778 0.3808333333
7280 LAKEA 39.4130555556 0.3447222222
7281 LUMAX 41.6072222222 1.1655555555
7282 ECEDI 41.6391666667 1.1897222222
7283 ATLON 41.7719444444 1.1733333333
7284 VIBOK 41.6988888889 2.1775000000
7285 MEDAX 41.6513888889 2.1858333333
7286 KASES 41.5858333333 1.9275000000
7287 ABREK 41.6088888889 1.6105555555
7288 BENID 41.7316666667 2.0155555555
7289 ANTOM 41.5519444444 2.0383333333
7290 PESKI 41.5175000000 2.0463888889
7291 RADEL 41.4997222222 2.0486111111
7292 PUVET 41.3727777778 2.1025000000
7293 RAVAX 41.2683333333 2.1727777777
7294 ELNAK 41.2163888889 2.0997222222
7295 LEXUS 41.2644444444 2.2686111111
7296 CALER 41.2416666667 2.4013888889
7297 BISBA 41.1855555556 2.6088888888
7298 CARBI 41.1208333333 2.7069444444